

 Function 1: 10 Nodes 

0.220277
0.000000
0.575761
0.000000
0.631356
0.000000
-0.555270
0.000000
0.144824
0.000000


 Function 1: 20 Nodes 

0.220277
-0.000000
0.575761
-0.000000
0.631361
-0.000000
-0.555377
-0.000000
0.146591
-0.000000
-0.020277
-0.000000
0.001767
-0.000000
-0.000107
-0.000000
0.000005
0.000000
-0.000000
0.000000


 Function 2: 10 Nodes 

-0.000000
0.449218
0.000000
0.776220
-0.000000
-0.011739
0.000000
-0.396909
-0.000000
0.298239


 Function 2: 20 Nodes 

-0.000000
0.449218
0.000000
0.776220
-0.000000
-0.011739
0.000000
-0.396909
-0.000000
0.298239
-0.000000
-0.198222
-0.000000
0.151939
-0.000000
-0.130133
-0.000000
0.119113
-0.000000
-0.114332


 Function 3: 10 Nodes 

-0.125724
-0.000000
-0.531218
0.000000
0.636758
0.000000
0.183205
-0.000000
-0.253667
-0.000000


 Function 3: 20 Nodes 

-0.125724
-0.000000
-0.531218
0.000000
0.636758
0.000000
0.183205
-0.000000
-0.253667
-0.000000
0.135478
-0.000000
-0.069607
0.000000
0.039138
0.000000
-0.021989
-0.000000
0.010027
0.000000
