Enter bounds separated by space: n: Result: 2.404073


median: 0.702091
mean photon energy: 0.666550
1.000000
-inf
0.999666
0.996530
0.988770
0.974053
0.948738
0.906999
0.839207
0.728847
0.546290
0.235366
-0.317897
-1.365454
-3.529658
-8.593709
-22.847442
-76.574245
-414.249898
-6579.762104
-2574240.571404
-3290035932395983360.000000
0.998565
0.993350
0.982470
0.963019
0.930408
0.877179
0.790786
0.649245
0.412068
0.000000
-0.754383
-2.240844
-5.490348
-13.749667
-40.171026
-163.794123
-1348.985260
-64824.088002
-3212559337.976437
1.000000
-inf
0.999666
0.996530
0.988770
0.974053
0.948738
0.906999
0.839207
0.728847
0.546290
0.235366
-0.317897
-1.365454
-3.529658
-8.593709
-22.847442
-76.574245
-414.249898
-6579.762104
-2574240.571404
-3290035932395983360.000000
0.998565
0.993350
0.982470
0.963019
0.930408
0.877179
0.790786
0.649245
0.412068
0.000000
-0.754383
-2.240844
-5.490348
-13.749667
-40.171026
-163.794123
-1348.985260
-64824.088002
-3212559337.976437
total wavelength: -inf
mean wavelength: -nan
