0.062832 2.673100 
0.094248 2.632623 
0.125664 2.583942 
0.157080 2.530057 
0.188496 2.475333 
0.219911 2.360940 
0.251327 2.268401 
0.282743 2.237013 
0.314159 2.145848 
0.345575 1.988690 
0.376991 1.912712 
0.408407 1.793706 
0.439823 1.646032 
0.471239 1.554795 
0.502655 1.431758 
0.534071 1.313228 
0.565487 1.146016 
0.596903 1.035705 
0.628319 0.914052 
0.659734 0.762448 
0.691150 0.667171 
0.722566 0.554040 
0.753982 0.420059 
0.785398 0.292222 
0.816814 0.190823 
0.848230 0.091394 
0.879646 0.004231 
0.911062 -0.132770 
0.942478 -0.209360 
0.973894 -0.289415 
1.005310 -0.418051 
1.036726 -0.450496 
1.068142 -0.528024 
1.099557 -0.593714 
1.130973 -0.648815 
1.162389 -0.740593 
1.193805 -0.786674 
1.225221 -0.792313 
1.256637 -0.856358 
1.288053 -0.874853 
1.319469 -0.913078 
1.350885 -0.976539 
1.382301 -0.943041 
1.413717 -0.959800 
1.445133 -0.974540 
1.476549 -1.012454 
1.507964 -1.010159 
1.539380 -0.969326 
1.570796 -0.985368 
1.602212 -1.010791 
1.633628 -0.981657 
1.665044 -0.960776 
1.696460 -0.964800 
1.727876 -0.986372 
1.759292 -0.971598 
1.790708 -0.922573 
1.822124 -0.893921 
1.853540 -0.858913 
1.884956 -0.882020 
1.916372 -0.870702 
1.947787 -0.830444 
1.979203 -0.807297 
2.010619 -0.802751 
2.042035 -0.762002 
2.073451 -0.737830 
2.104867 -0.727623 
2.136283 -0.723755 
2.167699 -0.696517 
2.199115 -0.648405 
2.230531 -0.670474 
2.261947 -0.628862 
2.293363 -0.596441 
2.324779 -0.605881 
2.356194 -0.602482 
2.387610 -0.567350 
2.419026 -0.544286 
2.450442 -0.535352 
2.481858 -0.495145 
2.513274 -0.474182 
2.544690 -0.474183 
2.576106 -0.508101 
2.607522 -0.466771 
2.638938 -0.419783 
2.670354 -0.433647 
2.701770 -0.428747 
2.733186 -0.420567 
2.764602 -0.440368 
2.796017 -0.425827 
2.827433 -0.365514 
2.858849 -0.392127 
2.890265 -0.382472 
2.921681 -0.394116 
2.953097 -0.372240 
2.984513 -0.338253 
3.015929 -0.374378 
3.047345 -0.388282 
3.078761 -0.399197 
 
0.062832 -1.940762 
0.094248 -0.660139 
0.125664 -2.430832 
0.157080 -1.005589 
0.188496 -2.673421 
0.219911 -4.291886 
0.251327 -1.461579 
0.282743 -1.002629 
0.314159 -4.817792 
0.345575 -4.656518 
0.376991 -0.602945 
0.408407 -6.930569 
0.439823 -2.164448 
0.471239 -3.945749 
0.502655 -3.799606 
0.534071 -3.900495 
0.565487 -6.372857 
0.596903 -0.883008 
0.628319 -6.927060 
0.659734 -2.421868 
0.691150 -3.904825 
0.722566 -3.327583 
0.753982 -5.087784 
0.785398 -2.966306 
0.816814 -3.575104 
0.848230 -2.749302 
0.879646 -2.997864 
0.911062 -5.338006 
0.942478 0.238018 
0.973894 -5.479711 
1.005310 -2.211562 
1.036726 -0.333021 
1.068142 -4.436335 
1.099557 0.251424 
1.130973 -3.909519 
1.162389 -1.627663 
1.193805 -1.332836 
1.225221 0.619967 
1.256637 -4.354886 
1.288053 2.960986 
1.319469 -5.390672 
1.350885 1.772790 
1.382301 -0.156091 
1.413717 -0.773868 
1.445133 -0.217294 
1.476549 -1.953470 
1.507964 2.078256 
1.539380 0.160801 
1.570796 -1.007194 
1.602212 -0.363815 
1.633628 1.988380 
1.665044 -0.748365 
1.696460 0.537678 
1.727876 -1.691780 
1.759292 2.624960 
1.790708 0.284537 
1.822124 1.593572 
1.853540 0.428111 
1.884956 -1.557107 
1.916372 2.275548 
1.947787 0.103275 
1.979203 1.365683 
2.010619 -0.882139 
2.042035 3.289631 
2.073451 -1.758194 
2.104867 2.452379 
2.136283 -2.086623 
2.167699 3.787124 
2.199115 -1.032889 
2.230531 0.090859 
2.261947 2.309352 
2.293363 -0.380123 
2.324779 -0.009950 
2.356194 0.307254 
2.387610 1.763976 
2.419026 -0.305023 
2.450442 1.030122 
2.481858 1.344217 
2.513274 -0.040322 
2.544690 0.035055 
2.576106 -1.793087 
2.607522 4.164765 
2.638938 -1.435619 
2.670354 0.832138 
2.701770 -0.559395 
2.733186 0.980576 
2.764602 -2.003627 
2.796017 2.945192 
2.827433 0.419865 
2.858849 -1.702548 
2.890265 2.162930 
2.921681 -2.717748 
2.953097 4.011374 
2.984513 -2.144984 
3.015929 0.183264 
3.047345 -1.005427 
3.078761 1.088333 
