0.031416 2.703430 
0.047124 2.764856 
0.062832 2.681073 
0.078540 2.592389 
0.094248 2.638149 
0.109956 2.707244 
0.125664 2.561979 
0.141372 2.590375 
0.157080 2.603038 
0.172788 2.459904 
0.188496 2.527693 
0.204204 2.504772 
0.219911 2.360407 
0.235619 2.415543 
0.251327 2.384203 
0.267035 2.227966 
0.282743 2.273264 
0.298451 2.282590 
0.314159 2.149925 
0.329867 2.063950 
0.345575 2.088747 
0.361283 2.062353 
0.376991 1.943820 
0.392699 1.880555 
0.408407 1.862151 
0.424115 1.803292 
0.439823 1.668836 
0.455531 1.646291 
0.471239 1.681506 
0.486947 1.585478 
0.502655 1.446739 
0.518363 1.418385 
0.534071 1.391491 
0.549779 1.253876 
0.565487 1.235257 
0.581195 1.185646 
0.596903 1.051483 
0.612611 1.005123 
0.628319 0.987463 
0.644026 0.978316 
0.659734 0.829538 
0.675442 0.742582 
0.691150 0.745704 
0.706858 0.670564 
0.722566 0.572634 
0.738274 0.586694 
0.753982 0.495293 
0.769690 0.404379 
0.785398 0.391514 
0.801106 0.302901 
0.816814 0.273922 
0.832522 0.159642 
0.848230 0.111060 
0.863938 0.105795 
0.879646 -0.023547 
0.895354 -0.030374 
0.911062 -0.043709 
0.926770 -0.160090 
0.942478 -0.115284 
0.958186 -0.209287 
0.973894 -0.250280 
0.989602 -0.278188 
1.005310 -0.429401 
1.021018 -0.345264 
1.036726 -0.368968 
1.052434 -0.460343 
1.068142 -0.527535 
1.083849 -0.617251 
1.099557 -0.517065 
1.115265 -0.544459 
1.130973 -0.649708 
1.146681 -0.715566 
1.162389 -0.667166 
1.178097 -0.713091 
1.193805 -0.787802 
1.209513 -0.771650 
1.225221 -0.749124 
1.240929 -0.755495 
1.256637 -0.851714 
1.272345 -0.853791 
1.288053 -0.887192 
1.303761 -0.866938 
1.319469 -0.934404 
1.335177 -0.958007 
1.350885 -0.896418 
1.366593 -0.952350 
1.382301 -0.928044 
1.398009 -0.911234 
1.413717 -1.010219 
1.429425 -0.985857 
1.445133 -0.918208 
1.460841 -1.020864 
1.476549 -0.988526 
1.492257 -0.920951 
1.507964 -1.076282 
1.523672 -1.014961 
1.539380 -0.923906 
1.555088 -1.033075 
1.570796 -1.013282 
1.586504 -0.955734 
1.602212 -1.047119 
1.617920 -1.025234 
1.633628 -0.917086 
1.649336 -1.025471 
1.665044 -1.010280 
1.680752 -0.949681 
1.696460 -1.016194 
1.712168 -0.943574 
1.727876 -0.961953 
1.743584 -1.007693 
1.759292 -0.938235 
1.775000 -0.886338 
1.790708 -0.894344 
1.806416 -0.961044 
1.822124 -0.896599 
1.837832 -0.924814 
1.853540 -0.939461 
1.869248 -0.850003 
1.884956 -0.861845 
1.900664 -0.860313 
1.916372 -0.918887 
1.932079 -0.856146 
1.947787 -0.770976 
1.963495 -0.887770 
1.979203 -0.838349 
1.994911 -0.820557 
2.010619 -0.788959 
2.026327 -0.742637 
2.042035 -0.822883 
2.057743 -0.761142 
2.073451 -0.764388 
2.089159 -0.746763 
2.104867 -0.761047 
2.120575 -0.754709 
2.136283 -0.668786 
2.151991 -0.682775 
2.167699 -0.694957 
2.183407 -0.755198 
2.199115 -0.702447 
2.214823 -0.665089 
2.230531 -0.703597 
2.246239 -0.588604 
2.261947 -0.591838 
2.277655 -0.625103 
2.293363 -0.670003 
2.309071 -0.617416 
2.324779 -0.613537 
2.340487 -0.597382 
2.356194 -0.560254 
2.371902 -0.567252 
2.387610 -0.559410 
2.403318 -0.590881 
2.419026 -0.534712 
2.434734 -0.558130 
2.450442 -0.525856 
2.466150 -0.536921 
2.481858 -0.542576 
2.497566 -0.478804 
2.513274 -0.549806 
2.528982 -0.551020 
2.544690 -0.457559 
2.560398 -0.457768 
2.576106 -0.452199 
2.591814 -0.458124 
2.607522 -0.537072 
2.623230 -0.456348 
2.638938 -0.412710 
2.654646 -0.440230 
2.670354 -0.419733 
2.686062 -0.514238 
2.701770 -0.419343 
2.717478 -0.362813 
2.733186 -0.437449 
2.748894 -0.430195 
2.764602 -0.416949 
2.780309 -0.461501 
2.796017 -0.432652 
2.811725 -0.340285 
2.827433 -0.378184 
2.843141 -0.395841 
2.858849 -0.393958 
2.874557 -0.433080 
2.890265 -0.406236 
2.905973 -0.378157 
2.921681 -0.353795 
2.937389 -0.398598 
2.953097 -0.379236 
2.968805 -0.358011 
2.984513 -0.453066 
3.000221 -0.332079 
3.015929 -0.330252 
3.031637 -0.413517 
3.047345 -0.374233 
3.063053 -0.373878 
3.078761 -0.395656 
3.094469 -0.367728 
3.110177 -0.322695 

0.031416 12.912942 
0.047124 -6.556899 
0.062832 -3.036750 
0.078540 -7.130720 
0.094248 12.004447 
0.109956 -4.877742 
0.125664 -10.900046 
0.141372 13.228310 
0.157080 -12.574695 
0.172788 -3.115148 
0.188496 9.634765 
0.204204 -12.777559 
0.219911 -3.330757 
0.235619 8.326166 
0.251327 -12.581438 
0.267035 -4.959891 
0.282743 9.022001 
0.298451 -8.709035 
0.314159 -6.723490 
0.329867 -3.688929 
0.345575 5.581129 
0.361283 -9.284863 
0.376991 -4.680892 
0.392699 -3.404644 
0.408407 0.354783 
0.424115 -8.040294 
0.439823 -7.665808 
0.455531 4.356701 
0.471239 -1.348031 
0.486947 -10.208521 
0.502655 -6.256265 
0.518363 1.829964 
0.534071 -6.049157 
0.549779 -9.874285 
0.565487 6.460265 
0.581195 -13.173914 
0.596903 -2.630279 
0.612611 -3.624800 
0.628319 1.042534 
0.644026 -3.239550 
0.659734 -14.197357 
0.675442 3.381758 
0.691150 -4.241833 
0.706858 -4.924445 
0.722566 -6.612177 
0.738274 6.879008 
0.753982 -17.791724 
0.769690 6.793079 
0.785398 -9.478935 
0.801106 -0.971813 
0.816814 -3.634385 
0.832522 -9.852649 
0.848230 3.479136 
0.863938 -5.291601 
0.879646 -9.469207 
0.895354 7.704337 
0.911062 -10.061270 
0.926770 -2.987811 
0.942478 6.681751 
0.958186 -17.408513 
0.973894 11.925123 
0.989602 -16.290328 
1.005310 -0.511549 
1.021018 8.813349 
1.036726 -11.721752 
1.052434 0.818795 
1.068142 -9.480836 
1.083849 -0.555580 
1.099557 10.987786 
1.115265 -14.241890 
1.130973 1.869919 
1.146681 -9.723145 
1.162389 14.348026 
1.178097 -19.749535 
1.193805 11.169147 
1.209513 -9.718737 
1.225221 12.184090 
1.240929 -13.365497 
1.256637 2.435400 
1.272345 -3.475538 
1.288053 -0.316353 
1.303761 1.948108 
1.319469 -9.575358 
1.335177 6.842634 
1.350885 -0.415116 
1.366593 -5.387390 
1.382301 7.858539 
1.398009 -6.440946 
1.413717 -4.425618 
1.429425 6.919036 
1.445133 0.187116 
1.460841 -11.109777 
1.476549 14.482076 
1.492257 -7.636217 
1.507964 -9.026943 
1.523672 15.523681 
1.539380 -5.632521 
1.555088 -5.935513 
1.570796 7.855762 
1.586504 -1.852881 
1.602212 -7.892399 
1.617920 10.432363 
1.633628 1.194446 
1.649336 -12.615301 
1.665044 14.073484 
1.680752 -7.568515 
1.696460 0.872874 
1.712168 6.819395 
1.727876 -8.713814 
1.743584 3.957845 
1.759292 3.907331 
1.775000 2.256353 
1.790708 -3.154678 
1.806416 -4.002273 
1.822124 10.685304 
1.837832 -13.544147 
1.853540 12.307573 
1.869248 -2.387596 
1.884956 1.566562 
1.900664 -1.708007 
1.916372 -4.450792 
1.932079 11.619058 
1.947787 -2.340516 
1.963495 -9.949290 
1.979203 15.014724 
1.994911 -12.551374 
2.010619 16.493877 
2.026327 -11.498643 
2.042035 3.136242 
2.057743 3.369041 
2.073451 -3.307047 
2.089159 5.243628 
2.104867 -6.637824 
2.120575 7.803882 
2.136283 1.830674 
2.151991 -2.987460 
2.167699 1.260531 
2.183407 -7.787248 
2.199115 13.574333 
2.214823 -9.223181 
2.230531 5.856314 
2.246239 6.877426 
2.261947 -6.787499 
2.277655 2.858588 
2.293363 -7.796259 
2.309071 13.471420 
2.324779 -12.612704 
2.340487 14.726489 
2.356194 -10.463103 
2.371902 9.948413 
2.387610 -9.229418 
2.403318 6.057781 
2.419026 -0.025302 
2.434734 -2.099231 
2.450442 5.571991 
2.466150 -6.625003 
2.481858 6.284835 
2.497566 0.442399 
2.513274 -8.002844 
2.528982 8.056713 
2.544690 2.445873 
2.560398 -1.868216 
2.576106 2.478241 
2.591814 -3.529744 
2.607522 -4.883221 
2.623230 13.756943 
2.638938 -8.548904 
2.654646 5.832649 
2.670354 -4.159164 
2.686062 -5.773775 
2.701770 16.212279 
2.717478 -9.765710 
2.733186 1.805964 
2.748894 -1.348902 
2.764602 2.590919 
2.780309 -7.291972 
2.796017 10.829076 
2.811725 -0.499058 
2.827433 -3.298108 
2.843141 1.125598 
2.858849 -1.264640 
2.874557 -2.967584 
2.890265 5.945655 
2.905973 -2.517525 
2.921681 5.199002 
2.937389 -9.953330 
2.953097 11.952063 
2.968805 -9.965650 
2.984513 0.122361 
3.000221 12.918103 
3.015929 -12.517642 
3.031637 3.453863 
3.047345 0.463799 
3.063053 -0.349829 
3.078761 -1.857892 
3.094469 5.293176 
3.110177 0.986053 
