0.314159 1.671256 
0.471239 1.042747 
0.628319 0.420856 
0.785398 -0.115129 
0.942478 -0.539680 
1.099557 -0.811071 
1.256637 -0.956329 
1.413717 -1.002447 
1.570796 -0.962617 
1.727876 -0.895405 
1.884956 -0.799074 
2.042035 -0.689376 
2.199115 -0.588591 
2.356194 -0.515004 
2.513274 -0.454290 
2.670354 -0.402928 
2.827433 -0.406978 


0.314159 -3.781536 
0.471239 -4.126340 
0.628319 -3.712590 
0.785398 -3.077193 
0.942478 -2.293389 
1.099557 -1.182526 
1.256637 -0.693501 
1.413717 0.086248 
1.570796 0.370911 
1.727876 0.477985 
1.884956 0.732428 
2.042035 0.642534 
2.199115 0.624652 
2.356194 0.321997 
2.513274 0.453654 
2.670354 0.189104 
2.827433 -0.039708 
