 0.209440 2.221029 
0.314159 1.859558 
0.418879 1.460606 
0.523599 1.040368 
0.628319 0.615221 
0.733038 0.236465 
0.837758 -0.115447 
0.942478 -0.421722 
1.047198 -0.642784 
1.151917 -0.806549 
1.256637 -0.925716 
1.361357 -0.980758 
1.466077 -1.000559 
1.570796 -0.988831 
1.675516 -0.938291 
1.780236 -0.891706 
1.884956 -0.827550 
1.989675 -0.757577 
2.094395 -0.692193 
2.199115 -0.628144 
2.303835 -0.558856 
2.408554 -0.506263 
2.513274 -0.477705 
2.617994 -0.441665 
2.722714 -0.399134 
2.827433 -0.379954 
2.932153 -0.400567 
 
0.209440 -3.092653 
0.314159 -3.739938 
0.418879 -3.847351 
0.523599 -4.147079 
0.628319 -3.908957 
0.733038 -3.336760 
0.837758 -3.357486 
0.942478 -2.445041 
1.047198 -1.806486 
1.151917 -1.337903 
1.256637 -0.920984 
1.361357 -0.163642 
1.466077 -0.222933 
1.570796 0.448480 
1.675516 0.468150 
1.780236 0.439498 
1.884956 0.772275 
1.989675 0.550351 
2.094395 0.701159 
2.199115 0.526975 
2.303835 0.769809 
2.408554 0.227144 
2.513274 0.354857 
2.617994 0.332578 
2.722714 0.445637 
2.827433 -0.066082 
2.932153 -0.030471 
