Enter initial value for theta: 500 
Enter stepsize for the points: .01
Enter stepsize: .001

[0.000000,500.000000]  	 mhat: 0.000000

[0.010000,499.993732]  	 mhat: 0.002094

[0.020000,499.974904]  	 mhat: 0.016755

[0.030000,499.943530]  	 mhat: 0.056545

[0.040000,499.899609]  	 mhat: 0.134025

[0.050000,499.843144]  	 mhat: 0.261750

[0.060000,499.774136]  	 mhat: 0.452267

[0.070000,499.692588]  	 mhat: 0.718113

[0.080000,499.598505]  	 mhat: 1.071814

[0.090000,499.491890]  	 mhat: 1.525883

[0.100000,499.385226]  	 mhat: 2.030690

[0.110000,499.254815]  	 mhat: 2.709877

[0.120000,499.111888]  	 mhat: 3.525627

[0.130000,498.956452]  	 mhat: 4.490384

[0.140000,498.788513]  	 mhat: 5.616568

[0.150000,498.589349]  	 mhat: 7.056615

[0.160000,498.395181]  	 mhat: 8.562117

[0.170000,498.188536]  	 mhat: 10.267389

[0.180000,497.969423]  	 mhat: 12.184739

[0.190000,497.737852]  	 mhat: 14.326445

[0.200000,497.493835]  	 mhat: 16.704750

[0.210000,497.237381]  	 mhat: 19.331861

[0.220000,496.968503]  	 mhat: 22.219950

[0.230000,496.687213]  	 mhat: 25.381146

[0.240000,496.393523]  	 mhat: 28.827538

[0.250000,496.087447]  	 mhat: 32.571174

[0.260000,495.768999]  	 mhat: 36.624054

[0.270000,495.438193]  	 mhat: 40.998134

[0.280000,495.095044]  	 mhat: 45.705319

[0.290000,494.739568]  	 mhat: 50.757464

[0.300000,494.371781]  	 mhat: 56.166374

[0.310000,493.991699]  	 mhat: 61.943798

[0.320000,493.599340]  	 mhat: 68.101429

[0.330000,493.194721]  	 mhat: 74.650903

[0.340000,492.777862]  	 mhat: 81.603798

[0.350000,492.348780]  	 mhat: 88.971628

[0.360000,491.907495]  	 mhat: 96.765846

[0.370000,491.454027]  	 mhat: 104.997840

[0.380000,490.988397]  	 mhat: 113.678931

[0.390000,490.510626]  	 mhat: 122.820372

[0.400000,490.020735]  	 mhat: 132.433347

[0.410000,489.518747]  	 mhat: 142.528967

[0.420000,489.004684]  	 mhat: 153.118270

[0.430000,488.478570]  	 mhat: 164.212218

[0.440000,487.940428]  	 mhat: 175.821699

[0.450000,487.390283]  	 mhat: 187.957518

[0.460000,486.828160]  	 mhat: 200.630405

[0.470000,486.254084]  	 mhat: 213.851003

[0.480000,485.668081]  	 mhat: 227.629875

[0.490000,485.070178]  	 mhat: 241.977497

[0.500000,484.460401]  	 mhat: 256.904259

[0.510000,483.838779]  	 mhat: 272.420461

[0.520000,483.205339]  	 mhat: 288.536314

[0.530000,482.560110]  	 mhat: 305.261937

[0.540000,481.903121]  	 mhat: 322.607356

[0.550000,481.234402]  	 mhat: 340.582501

[0.560000,480.553983]  	 mhat: 359.197205

[0.570000,479.861896]  	 mhat: 378.461205

[0.580000,479.158170]  	 mhat: 398.384136

[0.590000,478.442838]  	 mhat: 418.975532

[0.600000,477.715933]  	 mhat: 440.244825

[0.610000,476.977486]  	 mhat: 462.201343

[0.620000,476.227533]  	 mhat: 484.854306

[0.630000,475.466105]  	 mhat: 508.212827

[0.640000,474.693238]  	 mhat: 532.285912

[0.650000,473.908967]  	 mhat: 557.082455

[0.660000,473.113327]  	 mhat: 582.611239

[0.670000,472.306354]  	 mhat: 608.880931

[0.680000,471.488084]  	 mhat: 635.900087

[0.690000,470.658554]  	 mhat: 663.677144

[0.700000,469.817802]  	 mhat: 692.220422

[0.710000,468.965865]  	 mhat: 721.538123

[0.720000,468.102783]  	 mhat: 751.638327

[0.730000,467.228593]  	 mhat: 782.528992

[0.740000,466.343336]  	 mhat: 814.217954

[0.750000,465.447050]  	 mhat: 846.712925

[0.760000,464.539778]  	 mhat: 880.021488

[0.770000,463.621558]  	 mhat: 914.151102

[0.780000,462.692434]  	 mhat: 949.109096

[0.790000,461.752446]  	 mhat: 984.902669

[0.800000,460.801637]  	 mhat: 1021.538889

[0.810000,459.840050]  	 mhat: 1059.024691

[0.820000,458.867728]  	 mhat: 1097.366879

[0.830000,457.884714]  	 mhat: 1136.572120

[0.840000,456.891054]  	 mhat: 1176.646943

[0.850000,455.886791]  	 mhat: 1217.597744

[0.860000,454.871971]  	 mhat: 1259.430777

[0.870000,453.846639]  	 mhat: 1302.152159

[0.880000,452.810842]  	 mhat: 1345.767864

[0.890000,451.764625]  	 mhat: 1390.283724

[0.900000,450.708037]  	 mhat: 1435.705431

[0.910000,449.641124]  	 mhat: 1482.038529

[0.920000,448.563935]  	 mhat: 1529.288420

[0.930000,447.476517]  	 mhat: 1577.460356

[0.940000,446.378920]  	 mhat: 1626.559446

[0.950000,445.271193]  	 mhat: 1676.590646

[0.960000,444.153385]  	 mhat: 1727.558767

[0.970000,443.025547]  	 mhat: 1779.468466

[0.980000,441.887728]  	 mhat: 1832.324250

[0.990000,440.739981]  	 mhat: 1886.130474

[1.000000,439.582357]  	 mhat: 1940.891340

[1.010000,438.414907]  	 mhat: 1996.610894

[1.020000,437.237683]  	 mhat: 2053.293028

[1.030000,436.050739]  	 mhat: 2110.941477

[1.040000,434.854128]  	 mhat: 2169.559821

[1.050000,433.647902]  	 mhat: 2229.151480

[1.060000,432.432117]  	 mhat: 2289.719716

[1.070000,431.206826]  	 mhat: 2351.267633

[1.080000,429.972084]  	 mhat: 2413.798173

[1.090000,428.727947]  	 mhat: 2477.314116

[1.100000,427.474470]  	 mhat: 2541.818084

[1.110000,426.211709]  	 mhat: 2607.312531

[1.120000,424.939720]  	 mhat: 2673.799754

[1.130000,423.658560]  	 mhat: 2741.281880

[1.140000,422.368286]  	 mhat: 2809.760874

[1.150000,421.068957]  	 mhat: 2879.238538

[1.160000,419.760629]  	 mhat: 2949.716503

[1.170000,418.443362]  	 mhat: 3021.196237

[1.180000,417.117213]  	 mhat: 3093.679039

[1.190000,415.782243]  	 mhat: 3167.166041

[1.200000,414.438510]  	 mhat: 3241.658206

[1.210000,413.086074]  	 mhat: 3317.156329

[1.220000,411.724996]  	 mhat: 3393.661034

[1.230000,410.355336]  	 mhat: 3471.172777

[1.240000,408.977155]  	 mhat: 3549.691840

[1.250000,407.590514]  	 mhat: 3629.218339

[1.260000,406.195476]  	 mhat: 3709.752213

[1.270000,404.792101]  	 mhat: 3791.293234

[1.280000,403.380453]  	 mhat: 3873.840998

[1.290000,401.960594]  	 mhat: 3957.394932

[1.300000,400.532587]  	 mhat: 4041.954286

[1.310000,399.096495]  	 mhat: 4127.518139

[1.320000,397.652383]  	 mhat: 4214.085396

[1.330000,396.200314]  	 mhat: 4301.654788

[1.340000,394.740352]  	 mhat: 4390.224871

[1.350000,393.272563]  	 mhat: 4479.794028

[1.360000,391.797011]  	 mhat: 4570.360465

[1.370000,390.313762]  	 mhat: 4661.922214

[1.380000,388.822881]  	 mhat: 4754.477132

[1.390000,387.324435]  	 mhat: 4848.022900

[1.400000,385.818489]  	 mhat: 4942.557025

[1.410000,384.305111]  	 mhat: 5038.076835

[1.420000,382.784367]  	 mhat: 5134.579487

[1.430000,381.256324]  	 mhat: 5232.061956

[1.440000,379.721049]  	 mhat: 5330.521047

[1.450000,378.178612]  	 mhat: 5429.953385

[1.460000,376.629079]  	 mhat: 5530.355420

[1.470000,375.072519]  	 mhat: 5631.723426

[1.480000,373.509001]  	 mhat: 5734.053502

[1.490000,371.938594]  	 mhat: 5837.341568

[1.500000,370.361366]  	 mhat: 5941.583371

[1.510000,368.777387]  	 mhat: 6046.774480

[1.520000,367.186728]  	 mhat: 6152.910290

[1.530000,365.589458]  	 mhat: 6259.986019

[1.540000,363.985647]  	 mhat: 6367.996709

[1.550000,362.375365]  	 mhat: 6476.937229

[1.560000,360.758685]  	 mhat: 6586.802269

[1.570000,359.135676]  	 mhat: 6697.586347

[1.580000,357.506409]  	 mhat: 6809.283805

[1.590000,355.870958]  	 mhat: 6921.888812

[1.600000,354.229392]  	 mhat: 7035.395359

[1.610000,352.581785]  	 mhat: 7149.797267

[1.620000,350.928207]  	 mhat: 7265.088181

[1.630000,349.268733]  	 mhat: 7381.261574

[1.640000,347.603435]  	 mhat: 7498.310745

[1.650000,345.932384]  	 mhat: 7616.228820

[1.660000,344.255656]  	 mhat: 7735.008755

[1.670000,342.573322]  	 mhat: 7854.643331

[1.680000,340.885457]  	 mhat: 7975.125161

[1.690000,339.192134]  	 mhat: 8096.446685

[1.700000,337.493427]  	 mhat: 8218.600172

[1.710000,335.789410]  	 mhat: 8341.577723

[1.720000,334.080158]  	 mhat: 8465.371270

[1.730000,332.365745]  	 mhat: 8589.972573

[1.740000,330.646247]  	 mhat: 8715.373226

[1.750000,328.921737]  	 mhat: 8841.564656

[1.760000,327.192291]  	 mhat: 8968.538122

[1.770000,325.457985]  	 mhat: 9096.284717

[1.780000,323.718893]  	 mhat: 9224.795367

[1.790000,321.975092]  	 mhat: 9354.060834

[1.800000,320.226657]  	 mhat: 9484.071716

[1.810000,318.473665]  	 mhat: 9614.818446

[1.820000,316.716190]  	 mhat: 9746.291296

[1.830000,314.954310]  	 mhat: 9878.480375

[1.840000,313.188102]  	 mhat: 10011.375630

[1.850000,311.417640]  	 mhat: 10144.966848

[1.860000,309.643004]  	 mhat: 10279.243656

[1.870000,307.864268]  	 mhat: 10414.195523

[1.880000,306.081511]  	 mhat: 10549.811760

[1.890000,304.294809]  	 mhat: 10686.081519

[1.900000,302.504240]  	 mhat: 10822.993797

[1.910000,300.709881]  	 mhat: 10960.537438

[1.920000,298.911809]  	 mhat: 11098.701127

[1.930000,297.110103]  	 mhat: 11237.473401

[1.940000,295.304840]  	 mhat: 11376.842640

[1.950000,293.496098]  	 mhat: 11516.797075

[1.960000,291.683955]  	 mhat: 11657.324787

[1.970000,289.868489]  	 mhat: 11798.413707

[1.980000,288.049778]  	 mhat: 11940.051618

[1.990000,286.227900]  	 mhat: 12082.226155

[2.000000,284.402935]  	 mhat: 12224.924810

[2.010000,282.574959]  	 mhat: 12368.134928

[2.020000,280.744053]  	 mhat: 12511.843709

[2.030000,278.910295]  	 mhat: 12656.038214

[2.040000,277.073763]  	 mhat: 12800.705360

[2.050000,275.234536]  	 mhat: 12945.831925

[2.060000,273.392693]  	 mhat: 13091.404549

[2.070000,271.548313]  	 mhat: 13237.409734

[2.080000,269.886268]  	 mhat: 13369.172973

[2.090000,268.037286]  	 mhat: 13515.962347

[2.100000,266.185996]  	 mhat: 13663.144371

[2.110000,264.332478]  	 mhat: 13810.705023

[2.120000,262.476811]  	 mhat: 13958.630148

[2.130000,260.619074]  	 mhat: 14106.905464

[2.140000,258.759347]  	 mhat: 14255.516561

[2.150000,256.897709]  	 mhat: 14404.448898

[2.160000,255.034239]  	 mhat: 14553.687814

[2.170000,253.169017]  	 mhat: 14703.218521

[2.180000,251.302122]  	 mhat: 14853.026108

[2.190000,249.433635]  	 mhat: 15003.095544

[2.200000,247.563634]  	 mhat: 15153.411679

[2.210000,245.692199]  	 mhat: 15303.959245

[2.220000,243.819410]  	 mhat: 15454.722855

[2.230000,241.945347]  	 mhat: 15605.687010

[2.240000,240.070088]  	 mhat: 15756.836098

[2.250000,238.193715]  	 mhat: 15908.154392

[2.260000,236.316306]  	 mhat: 16059.626058

[2.270000,234.437941]  	 mhat: 16211.235153

[2.280000,232.558700]  	 mhat: 16362.965627

[2.290000,230.678662]  	 mhat: 16514.801324

[2.300000,228.797908]  	 mhat: 16666.725985

[2.310000,226.916516]  	 mhat: 16818.723251

[2.320000,225.034567]  	 mhat: 16970.776660

[2.330000,223.152141]  	 mhat: 17122.869655

[2.340000,221.269316]  	 mhat: 17274.985581

[2.350000,219.386173]  	 mhat: 17427.107688

[2.360000,217.502791]  	 mhat: 17579.219134

[2.370000,215.619249]  	 mhat: 17731.302985

[2.380000,213.735629]  	 mhat: 17883.342219

[2.390000,211.852008]  	 mhat: 18035.319726

[2.400000,209.968466]  	 mhat: 18187.218310

[2.410000,208.085083]  	 mhat: 18339.020693

[2.420000,206.201939]  	 mhat: 18490.709514

[2.430000,204.319113]  	 mhat: 18642.267333

[2.440000,202.436683]  	 mhat: 18793.676631

[2.450000,200.554731]  	 mhat: 18944.919815

[2.460000,198.673334]  	 mhat: 19095.979217

[2.470000,196.792572]  	 mhat: 19246.837097

[2.480000,194.912525]  	 mhat: 19397.475647

[2.490000,193.033271]  	 mhat: 19547.876988

[2.500000,191.154890]  	 mhat: 19698.023178

[2.510000,189.277461]  	 mhat: 19847.896210

[2.520000,187.401062]  	 mhat: 19997.478016

[2.530000,185.525774]  	 mhat: 20146.750468

[2.540000,183.651674]  	 mhat: 20295.695382

[2.550000,181.778842]  	 mhat: 20444.294515

[2.560000,179.907356]  	 mhat: 20592.529576

[2.570000,178.037296]  	 mhat: 20740.382219

[2.580000,176.168740]  	 mhat: 20887.834052

[2.590000,174.301766]  	 mhat: 21034.866635

[2.600000,172.436454]  	 mhat: 21181.461483

[2.610000,170.572882]  	 mhat: 21327.600071

[2.620000,168.711128]  	 mhat: 21473.263832

[2.630000,166.851270]  	 mhat: 21618.434164

[2.640000,164.993388]  	 mhat: 21763.092427

[2.650000,163.137560]  	 mhat: 21907.219950

[2.660000,161.283864]  	 mhat: 22050.798031

[2.670000,159.432378]  	 mhat: 22193.807940

[2.680000,157.583180]  	 mhat: 22336.230919

[2.690000,155.736349]  	 mhat: 22478.048190

[2.700000,153.891962]  	 mhat: 22619.240951

[2.710000,152.050098]  	 mhat: 22759.790383

[2.720000,150.210835]  	 mhat: 22899.677651

[2.730000,148.374251]  	 mhat: 23038.883905

[2.740000,146.540423]  	 mhat: 23177.390284

[2.750000,144.709430]  	 mhat: 23315.177919

[2.760000,142.881349]  	 mhat: 23452.227936

[2.770000,141.056259]  	 mhat: 23588.521453

[2.780000,139.234238]  	 mhat: 23724.039593

[2.790000,137.415362]  	 mhat: 23858.763476

[2.800000,135.599710]  	 mhat: 23992.674228

[2.810000,133.787360]  	 mhat: 24125.752981

[2.820000,131.978390]  	 mhat: 24257.980878

[2.830000,130.172878]  	 mhat: 24389.339073

[2.840000,128.370900]  	 mhat: 24519.808736

[2.850000,126.572537]  	 mhat: 24649.371054

[2.860000,124.777864]  	 mhat: 24778.007234

[2.870000,122.986961]  	 mhat: 24905.698508

[2.880000,121.199905]  	 mhat: 25032.426134

[2.890000,119.416775]  	 mhat: 25158.171397

[2.900000,117.637649]  	 mhat: 25282.915616

[2.910000,115.862605]  	 mhat: 25406.640146

[2.920000,114.091721]  	 mhat: 25529.326377

[2.930000,112.325077]  	 mhat: 25650.955742

[2.940000,110.562750]  	 mhat: 25771.509719

[2.950000,108.804821]  	 mhat: 25890.969832

[2.960000,107.051367]  	 mhat: 26009.317654

[2.970000,105.302468]  	 mhat: 26126.534816

[2.980000,103.558205]  	 mhat: 26242.603001

[2.990000,101.818656]  	 mhat: 26357.503956

[3.000000,100.083901]  	 mhat: 26471.219489

[3.010000,98.354021]  	 mhat: 26583.731479

[3.020000,96.629097]  	 mhat: 26695.021870

[3.030000,94.909210]  	 mhat: 26805.072686

[3.040000,93.194441]  	 mhat: 26913.866025

[3.050000,91.484873]  	 mhat: 27021.384068

[3.060000,89.780587]  	 mhat: 27127.609081

[3.070000,88.081667]  	 mhat: 27232.523421

[3.080000,86.388196]  	 mhat: 27336.109537

[3.090000,84.700259]  	 mhat: 27438.349976

[3.100000,83.017941]  	 mhat: 27539.227385

[3.110000,81.341327]  	 mhat: 27638.724520

[3.120000,79.670503]  	 mhat: 27736.824247

[3.130000,78.005558]  	 mhat: 27833.509545

[3.140000,76.346580]  	 mhat: 27928.763516

[3.150000,74.693659]  	 mhat: 28022.569385

[3.160000,73.046884]  	 mhat: 28114.910508

[3.170000,71.406349]  	 mhat: 28205.770375

[3.180000,69.772146]  	 mhat: 28295.132620

[3.190000,68.144371]  	 mhat: 28382.981020

[3.200000,66.523120]  	 mhat: 28469.299508

[3.210000,64.908491]  	 mhat: 28554.072174

[3.220000,63.300586]  	 mhat: 28637.283275

[3.230000,61.699507]  	 mhat: 28718.917239

[3.240000,60.105359]  	 mhat: 28798.958675

[3.250000,58.518249]  	 mhat: 28877.392380

[3.260000,56.938288]  	 mhat: 28954.203346

[3.270000,55.365590]  	 mhat: 29029.376770

[3.280000,53.800272]  	 mhat: 29102.898063

[3.290000,52.242455]  	 mhat: 29174.752857

[3.300000,50.692265]  	 mhat: 29244.927022

[3.310000,49.149830]  	 mhat: 29313.406670

[3.320000,47.615287]  	 mhat: 29380.178173

[3.330000,46.088776]  	 mhat: 29445.228171

[3.340000,44.570443]  	 mhat: 29508.543591

[3.350000,43.060444]  	 mhat: 29570.111660

[3.360000,41.558941]  	 mhat: 29629.919921

[3.370000,40.066104]  	 mhat: 29687.956254

[3.380000,38.582114]  	 mhat: 29744.208893

[3.390000,37.107163]  	 mhat: 29798.666453

[3.400000,35.641456]  	 mhat: 29851.317949

[3.410000,34.185212]  	 mhat: 29902.152830

[3.420000,32.738666]  	 mhat: 29951.161004

[3.430000,31.302071]  	 mhat: 29998.332878

[3.440000,29.875702]  	 mhat: 30043.659392

[3.450000,28.459859]  	 mhat: 30087.132069

[3.460000,27.054868]  	 mhat: 30128.743060

[3.470000,25.661091]  	 mhat: 30168.485208

[3.480000,24.278925]  	 mhat: 30206.352112

[3.490000,22.908814]  	 mhat: 30242.338206

[3.500000,21.551256]  	 mhat: 30276.438851

[3.510000,20.206812]  	 mhat: 30308.650443

[3.520000,18.876119]  	 mhat: 30338.970546

[3.530000,17.559908]  	 mhat: 30367.398040

[3.540000,16.259025]  	 mhat: 30393.933315

[3.550000,14.974456]  	 mhat: 30418.578501

[3.560000,13.707364]  	 mhat: 30441.337753

[3.570000,12.459139]  	 mhat: 30462.217609

[3.580000,11.231459]  	 mhat: 30481.227454

[3.590000,10.026382]  	 mhat: 30498.380112

[3.600000,8.846477]  	 mhat: 30513.692629

[3.610000,7.695002]  	 mhat: 30527.187331

[3.620000,6.576181]  	 mhat: 30538.893280

[3.630000,5.495626]  	 mhat: 30548.848327

[3.640000,4.460990]  	 mhat: 30557.102096

[3.650000,3.483029]  	 mhat: 30563.720455

[3.660000,2.577327]  	 mhat: 30568.792392

[3.670000,1.767012]  	 mhat: 30572.440789

[3.680000,1.086126]  	 mhat: 30574.838816

[3.690000,0.578794]  	 mhat: 30576.230364

[3.700000,0.274937]  	 mhat: 30576.933377

