Enter initial value for theta: 40000
Enter stepsize for the points: .01
Enter stepsize: .001

[0.000000,5000.000000]  	 mhat: 0.000000

[0.010000,4999.937517]  	 mhat: 0.020944

[0.020000,4999.749825]  	 mhat: 0.167547

[0.030000,4999.437061]  	 mhat: 0.565448

[0.040000,4998.999222]  	 mhat: 1.340252

[0.050000,4998.436324]  	 mhat: 2.617503

[0.060000,4997.748391]  	 mhat: 4.522671

[0.070000,4996.935454]  	 mhat: 7.181133

[0.080000,4995.997548]  	 mhat: 10.718152

[0.090000,4994.934717]  	 mhat: 15.258859

[0.100000,4993.871397]  	 mhat: 20.306948

[0.110000,4992.571344]  	 mhat: 27.098842

[0.120000,4991.146519]  	 mhat: 35.256385

[0.130000,4989.596986]  	 mhat: 44.904013

[0.140000,4987.922816]  	 mhat: 56.165939

[0.150000,4985.937363]  	 mhat: 70.566522

[0.160000,4984.001707]  	 mhat: 85.621686

[0.170000,4981.941665]  	 mhat: 102.674583

[0.180000,4979.757331]  	 mhat: 121.848314

[0.190000,4977.448802]  	 mhat: 143.265660

[0.200000,4975.016184]  	 mhat: 167.049063

[0.210000,4972.459585]  	 mhat: 193.320612

[0.220000,4969.779120]  	 mhat: 222.202019

[0.230000,4966.974911]  	 mhat: 253.814604

[0.240000,4964.047084]  	 mhat: 288.279276

[0.250000,4960.995771]  	 mhat: 325.716514

[0.260000,4957.821108]  	 mhat: 366.246349

[0.270000,4954.523240]  	 mhat: 409.988347

[0.280000,4951.102314]  	 mhat: 457.061588

[0.290000,4947.558485]  	 mhat: 507.584650

[0.300000,4943.891913]  	 mhat: 561.675591

[0.310000,4940.102761]  	 mhat: 619.451932

[0.320000,4936.191202]  	 mhat: 681.030634

[0.330000,4932.157410]  	 mhat: 746.528087

[0.340000,4928.001568]  	 mhat: 816.060087

[0.350000,4923.723863]  	 mhat: 889.741821

[0.360000,4919.324487]  	 mhat: 967.687847

[0.370000,4914.803638]  	 mhat: 1050.012081

[0.380000,4910.161520]  	 mhat: 1136.827772

[0.390000,4905.398341]  	 mhat: 1228.247492

[0.400000,4900.514316]  	 mhat: 1324.383114

[0.410000,4895.509664]  	 mhat: 1425.345797

[0.420000,4890.384611]  	 mhat: 1531.245967

[0.430000,4885.139386]  	 mhat: 1642.193301

[0.440000,4879.774227]  	 mhat: 1758.296710

[0.450000,4874.289374]  	 mhat: 1879.664322

[0.460000,4868.685073]  	 mhat: 2006.403465

[0.470000,4862.961577]  	 mhat: 2138.620647

[0.480000,4857.119143]  	 mhat: 2276.421546

[0.490000,4851.158033]  	 mhat: 2419.910989

[0.500000,4845.078515]  	 mhat: 2569.192935

[0.510000,4838.880863]  	 mhat: 2724.370461

[0.520000,4832.565354]  	 mhat: 2885.545742

[0.530000,4826.132273]  	 mhat: 3052.820042

[0.540000,4819.581908]  	 mhat: 3226.293688

[0.550000,4812.914553]  	 mhat: 3406.066062

[0.560000,4806.130508]  	 mhat: 3592.235583

[0.570000,4799.230078]  	 mhat: 3784.899688

[0.580000,4792.213571]  	 mhat: 3984.154820

[0.590000,4785.081303]  	 mhat: 4190.096412

[0.600000,4777.833593]  	 mhat: 4402.818870

[0.610000,4770.470768]  	 mhat: 4622.415558

[0.620000,4762.993156]  	 mhat: 4848.978784

[0.630000,4755.401094]  	 mhat: 5082.599784

[0.640000,4747.694921]  	 mhat: 5323.368707

[0.650000,4739.874983]  	 mhat: 5571.374601

[0.660000,4731.941631]  	 mhat: 5826.705397

[0.670000,4723.895220]  	 mhat: 6089.447895

[0.680000,4715.736111]  	 mhat: 6359.687751

[0.690000,4707.464668]  	 mhat: 6637.509458

[0.700000,4699.081263]  	 mhat: 6922.996337

[0.710000,4690.586271]  	 mhat: 7216.230523

[0.720000,4681.980072]  	 mhat: 7517.292947

[0.730000,4673.263050]  	 mhat: 7826.263322

[0.740000,4664.435597]  	 mhat: 8143.220136

[0.750000,4655.498108]  	 mhat: 8468.240630

[0.760000,4646.450981]  	 mhat: 8801.400793

[0.770000,4637.294621]  	 mhat: 9142.775341

[0.780000,4628.029438]  	 mhat: 9492.437708

[0.790000,4618.655846]  	 mhat: 9850.460033

[0.800000,4609.174264]  	 mhat: 10216.913147

[0.810000,4599.585115]  	 mhat: 10591.866559

[0.820000,4589.888828]  	 mhat: 10975.388446

[0.830000,4580.085836]  	 mhat: 11367.545637

[0.840000,4570.176575]  	 mhat: 11768.403605

[0.850000,4560.161490]  	 mhat: 12178.026451

[0.860000,4550.041026]  	 mhat: 12596.476897

[0.870000,4539.815634]  	 mhat: 13023.816267

[0.880000,4529.485772]  	 mhat: 13460.104485

[0.890000,4519.051900]  	 mhat: 13905.400053

[0.900000,4508.514482]  	 mhat: 14359.760050

[0.910000,4497.873988]  	 mhat: 14823.240114

[0.920000,4487.130893]  	 mhat: 15295.894431

[0.930000,4476.285675]  	 mhat: 15777.775731

[0.940000,4465.338817]  	 mhat: 16268.935270

[0.950000,4454.290805]  	 mhat: 16769.422822

[0.960000,4443.142133]  	 mhat: 17279.286672

[0.970000,4431.893295]  	 mhat: 17798.573600

[0.980000,4420.544793]  	 mhat: 18327.328876

[0.990000,4409.097131]  	 mhat: 18865.596250

[1.000000,4397.550817]  	 mhat: 19413.417938

[1.010000,4385.906365]  	 mhat: 19970.834619

[1.020000,4374.164292]  	 mhat: 20537.885419

[1.030000,4362.325120]  	 mhat: 21114.607908

[1.040000,4350.389374]  	 mhat: 21701.038089

[1.050000,4338.357584]  	 mhat: 22297.210388

[1.060000,4326.230284]  	 mhat: 22903.157646

[1.070000,4314.008012]  	 mhat: 23518.911112

[1.080000,4301.691309]  	 mhat: 24144.500436

[1.090000,4289.280723]  	 mhat: 24779.953657

[1.100000,4276.776802]  	 mhat: 25425.297199

[1.110000,4264.180101]  	 mhat: 26080.555861

[1.120000,4251.491177]  	 mhat: 26745.752811

[1.130000,4238.710593]  	 mhat: 27420.909580

[1.140000,4225.838914]  	 mhat: 28106.046053

[1.150000,4212.876709]  	 mhat: 28801.180461

[1.160000,4199.824551]  	 mhat: 29506.329379

[1.170000,4186.683018]  	 mhat: 30221.507715

[1.180000,4173.452690]  	 mhat: 30946.728707

[1.190000,4160.134152]  	 mhat: 31682.003916

[1.200000,4146.727991]  	 mhat: 32427.343218

[1.210000,4133.234801]  	 mhat: 33182.754802

[1.220000,4119.655175]  	 mhat: 33948.245162

[1.230000,4105.989714]  	 mhat: 34723.819094

[1.240000,4092.239019]  	 mhat: 35509.479688

[1.250000,4078.403697]  	 mhat: 36305.228327

[1.260000,4064.484357]  	 mhat: 37111.064678

[1.270000,4050.481612]  	 mhat: 37926.986691

[1.280000,4036.396079]  	 mhat: 38752.990595

[1.290000,4022.228378]  	 mhat: 39589.070889

[1.300000,4007.979132]  	 mhat: 40435.220346

[1.310000,3993.648967]  	 mhat: 41291.430002

[1.320000,3979.238513]  	 mhat: 42157.689159

[1.330000,3964.748404]  	 mhat: 43033.985375

[1.340000,3950.179276]  	 mhat: 43920.304469

[1.350000,3935.531768]  	 mhat: 44816.630509

[1.360000,3920.806522]  	 mhat: 45722.945819

[1.370000,3906.004186]  	 mhat: 46639.230969

[1.380000,3891.125408]  	 mhat: 47565.464778

[1.390000,3876.170839]  	 mhat: 48501.624307

[1.400000,3861.141136]  	 mhat: 49447.684862

[1.410000,3846.036955]  	 mhat: 50403.619992

[1.420000,3830.858958]  	 mhat: 51369.401483

[1.430000,3815.607809]  	 mhat: 52344.999363

[1.440000,3800.284174]  	 mhat: 53330.381896

[1.450000,3784.888724]  	 mhat: 54325.515585

[1.460000,3769.422131]  	 mhat: 55330.365171

[1.470000,3753.885070]  	 mhat: 56344.893629

[1.480000,3738.278219]  	 mhat: 57369.062174

[1.490000,3722.602259]  	 mhat: 58402.830254

[1.500000,3706.857873]  	 mhat: 59446.155559

[1.510000,3691.045748]  	 mhat: 60498.994012

[1.520000,3675.166572]  	 mhat: 61561.299779

[1.530000,3659.221036]  	 mhat: 62633.025262

[1.540000,3643.209834]  	 mhat: 63714.121106

[1.550000,3627.133663]  	 mhat: 64804.536198

[1.560000,3610.993220]  	 mhat: 65904.217668

[1.570000,3594.789209]  	 mhat: 67013.110892

[1.580000,3578.522331]  	 mhat: 68131.159494

[1.590000,3562.193293]  	 mhat: 69258.305347

[1.600000,3545.802804]  	 mhat: 70394.488580

[1.610000,3529.351573]  	 mhat: 71539.647572

[1.620000,3512.840314]  	 mhat: 72693.718964

[1.630000,3496.269742]  	 mhat: 73856.637657

[1.640000,3479.640573]  	 mhat: 75028.336817

[1.650000,3462.953527]  	 mhat: 76208.747876

[1.660000,3446.209326]  	 mhat: 77397.800540

[1.670000,3429.408693]  	 mhat: 78595.422792

[1.680000,3412.552354]  	 mhat: 79801.540891

[1.690000,3395.641035]  	 mhat: 81016.079383

[1.700000,3378.675467]  	 mhat: 82238.961104

[1.710000,3361.656380]  	 mhat: 83470.107181

[1.720000,3344.584508]  	 mhat: 84709.437041

[1.730000,3327.460587]  	 mhat: 85956.868417

[1.740000,3310.285352]  	 mhat: 87212.317348

[1.750000,3293.059543]  	 mhat: 88475.698190

[1.760000,3275.783900]  	 mhat: 89746.923620

[1.770000,3258.459165]  	 mhat: 91025.904641

[1.780000,3241.086081]  	 mhat: 92312.550592

[1.790000,3223.665394]  	 mhat: 93606.769148

[1.800000,3206.197851]  	 mhat: 94908.466334

[1.810000,3188.684199]  	 mhat: 96217.546525

[1.820000,3171.125190]  	 mhat: 97533.912460

[1.830000,3153.521574]  	 mhat: 98857.465244

[1.840000,3135.874104]  	 mhat: 100188.104357

[1.850000,3118.183534]  	 mhat: 101525.727663

[1.860000,3100.450620]  	 mhat: 102870.231416

[1.870000,3082.676118]  	 mhat: 104221.510270

[1.880000,3064.860787]  	 mhat: 105579.457287

[1.890000,3047.005385]  	 mhat: 106943.963943

[1.900000,3029.110674]  	 mhat: 108314.920141

[1.910000,3011.177414]  	 mhat: 109692.214217

[1.920000,2993.206369]  	 mhat: 111075.732948

[1.930000,2975.198302]  	 mhat: 112465.361567

[1.940000,2957.153978]  	 mhat: 113860.983765

[1.950000,2939.074162]  	 mhat: 115262.481706

[1.960000,2920.959623]  	 mhat: 116669.736037

[1.970000,2902.811127]  	 mhat: 118082.625894

[1.980000,2884.629442]  	 mhat: 119501.028916

[1.990000,2866.415339]  	 mhat: 120924.821255

[2.000000,2848.169588]  	 mhat: 122353.877586

[2.010000,2829.892958]  	 mhat: 123788.071117

[2.020000,2811.586223]  	 mhat: 125227.273603

[2.030000,2793.250154]  	 mhat: 126671.355354

[2.040000,2774.885525]  	 mhat: 128120.185249

[2.050000,2756.493109]  	 mhat: 129573.630747

[2.060000,2738.073680]  	 mhat: 131031.557898

[2.070000,2719.628014]  	 mhat: 132493.831355

[2.080000,2703.005121]  	 mhat: 133813.480580

[2.090000,2684.511738]  	 mhat: 135283.634195

[2.100000,2665.994367]  	 mhat: 136757.733832

[2.110000,2647.453783]  	 mhat: 138235.638816

[2.120000,2628.890765]  	 mhat: 139717.207143

[2.130000,2610.306087]  	 mhat: 141202.295482

[2.140000,2591.700529]  	 mhat: 142690.759198

[2.150000,2573.074868]  	 mhat: 144182.452360

[2.160000,2554.429881]  	 mhat: 145677.227756

[2.170000,2535.766346]  	 mhat: 147174.936910

[2.180000,2517.085041]  	 mhat: 148675.430090

[2.190000,2498.386745]  	 mhat: 150178.556327

[2.200000,2479.672236]  	 mhat: 151684.163427

[2.210000,2460.942292]  	 mhat: 153192.097988

[2.220000,2442.197690]  	 mhat: 154702.205414

[2.230000,2423.439209]  	 mhat: 156214.329925

[2.240000,2404.667628]  	 mhat: 157728.314582

[2.250000,2385.883723]  	 mhat: 159244.001293

[2.260000,2367.088272]  	 mhat: 160761.230833

[2.270000,2348.282053]  	 mhat: 162279.842858

[2.280000,2329.465843]  	 mhat: 163799.675924

[2.290000,2310.640419]  	 mhat: 165320.567498

[2.300000,2291.806556]  	 mhat: 166842.353977

[2.310000,2272.965032]  	 mhat: 168364.870704

[2.320000,2254.116622]  	 mhat: 169887.951985

[2.330000,2235.262102]  	 mhat: 171411.431104

[2.340000,2216.402245]  	 mhat: 172935.140341

[2.350000,2197.537827]  	 mhat: 174458.910987

[2.360000,2178.669622]  	 mhat: 175982.573366

[2.370000,2159.798401]  	 mhat: 177505.956844

[2.380000,2140.924939]  	 mhat: 179028.889856

[2.390000,2122.050006]  	 mhat: 180551.199916

[2.400000,2103.174374]  	 mhat: 182072.713636

[2.410000,2084.298814]  	 mhat: 183593.256748

[2.420000,2065.424095]  	 mhat: 185112.654118

[2.430000,2046.550986]  	 mhat: 186630.729764

[2.440000,2027.680255]  	 mhat: 188147.306877

[2.450000,2008.812670]  	 mhat: 189662.207838

[2.460000,1989.948997]  	 mhat: 191175.254236

[2.470000,1971.090001]  	 mhat: 192686.266885

[2.480000,1952.236447]  	 mhat: 194195.065847

[2.490000,1933.389098]  	 mhat: 195701.470450

[2.500000,1914.548716]  	 mhat: 197205.299302

[2.510000,1895.716064]  	 mhat: 198706.370319

[2.520000,1876.891901]  	 mhat: 200204.500735

[2.530000,1858.076986]  	 mhat: 201699.507129

[2.540000,1839.272078]  	 mhat: 203191.205440

[2.550000,1820.477933]  	 mhat: 204679.410990

[2.560000,1801.695308]  	 mhat: 206163.938500

[2.570000,1782.924955]  	 mhat: 207644.602114

[2.580000,1764.167630]  	 mhat: 209121.215417

[2.590000,1745.424082]  	 mhat: 210593.591454

[2.600000,1726.695064]  	 mhat: 212061.542756

[2.610000,1707.981323]  	 mhat: 213524.881352

[2.620000,1689.283609]  	 mhat: 214983.418797

[2.630000,1670.602666]  	 mhat: 216436.966189

[2.640000,1651.939240]  	 mhat: 217885.334191

[2.650000,1633.294075]  	 mhat: 219328.333052

[2.660000,1614.667913]  	 mhat: 220765.772626

[2.670000,1596.061493]  	 mhat: 222197.462398

[2.680000,1577.475555]  	 mhat: 223623.211500

[2.690000,1558.910836]  	 mhat: 225042.828736

[2.700000,1540.368072]  	 mhat: 226456.122602

[2.710000,1521.847997]  	 mhat: 227862.901309

[2.720000,1503.351344]  	 mhat: 229262.972802

[2.730000,1484.878843]  	 mhat: 230656.144785

[2.740000,1466.431225]  	 mhat: 232042.224741

[2.750000,1448.009215]  	 mhat: 233421.019957

[2.760000,1429.613541]  	 mhat: 234792.337541

[2.770000,1411.244927]  	 mhat: 236155.984448

[2.780000,1392.904095]  	 mhat: 237511.767505

[2.790000,1374.591765]  	 mhat: 238859.493426

[2.800000,1356.308657]  	 mhat: 240198.968842

[2.810000,1338.055488]  	 mhat: 241530.000320

[2.820000,1319.832974]  	 mhat: 242852.394387

[2.830000,1301.641827]  	 mhat: 244165.957551

[2.840000,1283.482761]  	 mhat: 245470.496327

[2.850000,1265.356485]  	 mhat: 246765.817261

[2.860000,1247.263707]  	 mhat: 248051.726948

[2.870000,1229.205134]  	 mhat: 249328.032061

[2.880000,1211.181472]  	 mhat: 250594.539371

[2.890000,1193.193422]  	 mhat: 251851.055773

[2.900000,1175.241687]  	 mhat: 253097.388307

[2.910000,1157.326965]  	 mhat: 254333.344188

[2.920000,1139.449955]  	 mhat: 255558.730821

[2.930000,1121.611352]  	 mhat: 256773.355832

[2.940000,1103.811852]  	 mhat: 257977.027090

[2.950000,1086.052147]  	 mhat: 259169.552733

[2.960000,1068.332927]  	 mhat: 260350.741189

[2.970000,1050.654882]  	 mhat: 261520.401206

[2.980000,1033.018701]  	 mhat: 262678.341870

[2.990000,1015.425070]  	 mhat: 263824.372637

[3.000000,997.874672]  	 mhat: 264958.303355

[3.010000,980.368193]  	 mhat: 266079.944288

[3.020000,962.906314]  	 mhat: 267189.106144

[3.030000,945.489715]  	 mhat: 268285.600101

[3.040000,928.119077]  	 mhat: 269369.237831

[3.050000,910.795077]  	 mhat: 270439.831526

[3.060000,893.518394]  	 mhat: 271497.193926

[3.070000,876.289704]  	 mhat: 272541.138347

[3.080000,859.109682]  	 mhat: 273571.478704

[3.090000,841.979004]  	 mhat: 274588.029542

[3.100000,824.898343]  	 mhat: 275590.606060

[3.110000,807.868375]  	 mhat: 276579.024142

[3.120000,790.889772]  	 mhat: 277553.100383

[3.130000,773.963209]  	 mhat: 278512.652120

[3.140000,757.089360]  	 mhat: 279457.497458

[3.150000,740.268899]  	 mhat: 280387.455301

[3.160000,723.502501]  	 mhat: 281302.345384

[3.170000,706.790843]  	 mhat: 282201.988299

[3.180000,690.134603]  	 mhat: 283086.205529

[3.190000,673.534459]  	 mhat: 283954.819481

[3.200000,656.991093]  	 mhat: 284807.653514

[3.210000,640.505188]  	 mhat: 285644.531978

[3.220000,624.077432]  	 mhat: 286465.280242

[3.230000,607.708516]  	 mhat: 287269.724736

[3.240000,591.399133]  	 mhat: 288057.692981

[3.250000,575.149984]  	 mhat: 288829.013629

[3.260000,558.961775]  	 mhat: 289583.516503

[3.270000,542.835216]  	 mhat: 290321.032636

[3.280000,526.771030]  	 mhat: 291041.394313

[3.290000,510.769943]  	 mhat: 291744.435114

[3.300000,494.832694]  	 mhat: 292429.989965

[3.310000,478.960035]  	 mhat: 293097.895179

[3.320000,463.152730]  	 mhat: 293747.988515

[3.330000,447.411557]  	 mhat: 294380.109228

[3.340000,431.737313]  	 mhat: 294994.098131

[3.350000,416.130816]  	 mhat: 295589.797654

[3.360000,400.592907]  	 mhat: 296167.051917

[3.370000,385.124452]  	 mhat: 296725.706800

[3.380000,369.726353]  	 mhat: 297265.610026

[3.390000,354.399542]  	 mhat: 297786.611248

[3.400000,339.144999]  	 mhat: 298288.562151

[3.410000,323.963751]  	 mhat: 298771.316558

[3.420000,308.856882]  	 mhat: 299234.730556

[3.430000,293.825548]  	 mhat: 299678.662637

[3.440000,278.870983]  	 mhat: 300102.973856

[3.450000,263.994521]  	 mhat: 300507.528022

[3.460000,249.197612]  	 mhat: 300892.191908

[3.470000,234.481850]  	 mhat: 301256.835509

[3.480000,219.849002]  	 mhat: 301601.332350

[3.490000,205.301054]  	 mhat: 301925.559847

[3.500000,190.840260]  	 mhat: 302229.399764

[3.510000,176.469220]  	 mhat: 302512.738766

[3.520000,162.190980]  	 mhat: 302775.469132

[3.530000,148.009168]  	 mhat: 303017.489657

[3.540000,133.928196]  	 mhat: 303238.706855

[3.550000,119.953553]  	 mhat: 303439.036563

[3.560000,106.092256]  	 mhat: 303618.406172

[3.570000,92.353561]  	 mhat: 303776.757830

[3.580000,78.750164]  	 mhat: 303914.053217

[3.590000,65.300353]  	 mhat: 304030.281066

[3.600000,52.032204]  	 mhat: 304125.469814

[3.610000,38.992799]  	 mhat: 304199.710897

[3.620000,26.272250]  	 mhat: 304253.207615

[3.630000,14.086589]  	 mhat: 304286.401453

[3.640000,3.295236]  	 mhat: 304300.467510

